ono	uno	fno	name	date	type
1	1	1	1	2026-05-22	2
2	4	2	3	2026-05-23	2
3	2	3	2	2026-05-24	2
4	3	5	1	2026-05-25	2
5	1	3	1	2026-08-25	0
6	1	1	1	2026-08-25	0
7	1	7	2	2026-08-24	3
8	4	8	3	2026-08-23	3
9	2	10	1	2026-08-22	3
10	3	9	4	2026-08-21	3
11	1	20	2	2026-08-20	3
12	1	35	3	2026-08-19	3
13	1	62	5	2026-08-18	3
14	4	69	6	2026-08-17	3
15	2	25	8	2026-08-16	3
16	3	26	2	2026-08-15	3
17	1	24	4	2026-08-14	3
18	1	26	5	2026-08-13	3
19	5	15	1	2026-08-12	3
20	5	20	1	2026-08-11	3
21	3	1	1	2026-08-10	3
22	1	2	2	2026-08-09	3
23	3	3	3	2026-08-08	3
24	1	5	2	2026-08-07	3
25	1	3	4	2026-08-06	3
26	1	1	3	2026-08-05	3
27	4	7	5	2026-08-04	3
28	2	8	7	2026-08-03	3
29	3	10	5	2026-08-02	3
30	1	9	7	2026-08-01	3
31	1	20	4	2026-07-31	3
32	5	35	6	2026-07-30	3
33	5	62	4	2026-07-29	3
34	1	69	5	2026-07-28	3
35	1	25	1	2026-07-27	3
36	4	26	2	2026-07-26	3
37	2	24	1	2026-07-25	3
38	3	26	1	2026-07-24	3
39	1	15	1	2026-07-23	3
40	1	20	1	2026-07-22	3
41	5	1	1	2026-07-21	3
42	5	2	1	2026-07-20	3
43	3	3	1	2026-07-19	3
44	1	5	2	2026-07-18	3
45	1	3	2	2026-07-17	3
46	1	1	2	2026-07-16	3
47	4	7	2	2026-07-15	3
48	2	8	3	2026-07-14	3
49	3	10	3	2026-07-13	3
50	1	9	3	2026-07-12	3
51	1	20	3	2026-07-11	3
52	5	35	1	2026-07-10	3
53	5	62	3	2026-07-09	3
54	3	69	2	2026-07-08	3
55	1	25	1	2026-07-07	3
56	1	26	1	2026-07-06	3
57	1	24	1	2026-07-05	3
58	4	26	2	2026-07-04	3
59	2	15	3	2026-07-03	3
60	3	20	1	2026-07-02	3
61	1	1	4	2026-07-01	3
62	1	2	2	2026-06-30	3
63	5	3	3	2026-06-29	3
64	5	5	5	2026-06-28	3
65	1	3	6	2026-06-27	3
66	1	1	8	2026-06-26	3
67	5	7	2	2026-06-25	3
68	5	8	4	2026-06-24	3
69	3	10	5	2026-06-23	3
70	1	9	1	2026-06-22	3
71	1	20	1	2026-06-21	3
72	1	35	1	2026-06-20	3
73	4	62	2	2026-06-19	3
74	2	69	3	2026-06-18	3
75	3	25	2	2026-06-17	3
76	1	26	4	2026-06-16	3
77	1	24	3	2026-06-15	3
78	5	26	5	2026-06-14	3
79	5	15	7	2026-06-13	3
80	3	20	5	2026-06-12	3
81	1	1	7	2026-06-11	3
82	1	2	4	2026-06-10	3
83	1	3	6	2026-06-09	3
84	1	5	4	2026-06-08	3
85	1	3	5	2026-06-07	3
86	5	1	1	2026-06-06	3
87	5	7	2	2026-06-05	3
88	3	8	1	2026-06-04	3
89	1	10	1	2026-06-03	3
90	1	9	1	2026-06-02	3
91	1	20	1	2026-06-01	3
92	4	35	1	2026-05-31	3
93	2	62	1	2026-05-30	3
94	3	69	1	2026-05-29	3
95	1	25	2	2026-05-28	3
96	1	26	2	2026-05-27	3
97	5	24	2	2026-05-26	3
98	5	26	2	2026-05-25	3
99	3	15	3	2026-05-24	3
100	1	20	3	2026-05-23	3
101	1	1	3	2026-05-22	3
102	1	2	3	2026-05-21	3
103	1	3	1	2026-05-20	3
104	1	5	3	2026-05-19	3
105	5	3	2	2026-05-18	3
106	5	1	1	2026-05-17	3
107	3	7	1	2026-05-16	3
108	1	8	1	2026-05-15	3
109	1	10	2	2026-05-14	3
110	1	9	3	2026-05-13	3
111	4	20	1	2026-05-12	3
112	2	35	4	2026-05-11	3
113	3	62	2	2026-05-10	3
114	1	69	3	2026-05-09	3
115	1	25	5	2026-05-08	3
116	5	26	6	2026-05-07	3
117	5	24	8	2026-05-06	3
118	3	26	2	2026-05-05	3
119	1	15	4	2026-05-04	3
120	1	20	5	2026-05-03	3
121	1	1	1	2026-05-02	3
122	1	2	1	2026-05-01	3
123	1	3	1	2026-04-30	3
124	5	5	2	2026-04-29	3
125	5	3	3	2026-04-28	3
126	3	1	2	2026-04-27	3
127	1	7	4	2026-04-26	3
128	1	8	3	2026-04-25	3
129	1	10	5	2026-04-24	3
130	4	9	7	2026-04-23	3
131	2	20	5	2026-04-22	3
132	3	35	7	2026-04-21	3
133	1	62	4	2026-04-20	3
134	1	69	6	2026-04-19	3
135	5	25	4	2026-04-18	3
136	5	26	5	2026-04-17	3
137	3	24	1	2026-04-16	3
138	1	26	2	2026-04-15	3
139	1	15	1	2026-04-14	3
140	1	20	1	2026-04-13	3
141	1	1	1	2026-04-12	3
142	1	2	1	2026-04-11	3
143	5	3	1	2026-04-10	3
144	5	5	1	2026-04-09	3
145	3	3	1	2026-04-08	3
146	1	1	2	2026-04-07	3
147	1	7	2	2026-04-06	3
148	1	8	2	2026-04-05	3
149	4	10	2	2026-04-04	3
150	2	9	3	2026-04-03	3
151	3	20	3	2026-04-02	3
152	1	35	3	2026-04-01	3
153	1	62	3	2026-03-31	3
154	5	69	1	2026-03-30	3
155	5	25	3	2026-03-29	3
156	3	26	2	2026-03-28	3
157	1	24	1	2026-03-27	3
158	1	26	1	2026-03-26	3
159	1	15	1	2026-03-25	3
160	1	20	2	2026-03-24	3
161	1	1	3	2026-03-23	3
162	5	2	1	2026-03-22	3
163	5	3	4	2026-03-21	3
164	3	5	2	2026-03-20	3
165	1	3	3	2026-03-19	3
166	1	1	5	2026-03-18	3
167	1	7	6	2026-03-17	3
168	4	8	8	2026-03-16	3
169	2	10	2	2026-03-15	3
170	3	9	4	2026-03-14	3
171	1	20	5	2026-03-13	3
172	1	35	1	2026-03-12	3
173	5	62	1	2026-03-11	3
174	5	69	1	2026-03-10	3
175	3	25	2	2026-03-09	3
176	1	26	3	2026-03-08	3
177	1	24	2	2026-03-07	3
178	1	26	4	2026-03-06	3
179	1	15	3	2026-03-05	3
180	1	20	5	2026-03-04	3
181	5	1	7	2026-03-03	3
182	5	2	5	2026-03-02	3