s_no	p_no	b_no	s_count	s_date
1	45	1 	8	2026-08-13
2	2	11 	4	2026-08-17
3	23	5 	10	2026-08-08
4	12	1 	2	2026-08-05
5	38	14 	6	2026-08-21
6	7	9 	9	2026-08-14
7	19	3 	3	2026-08-02
8	50	7 	7	2026-08-11
9	4	12 	5	2026-08-09
10	31	6 	1	2026-08-24
11	15	10 	8	2026-08-16
12	28	2 	4	2026-08-07
13	44	8 	6	2026-08-19
14	9	15 	10	2026-08-22
15	3	13 	2	2026-08-04
16	21	4 	7	2026-08-13
17	35	11 	5	2026-08-20
18	40	1 	9	2026-08-12
19	17	5 	3	2026-08-06
20	6	14 	8	2026-08-23
21	49	9 	1	2026-08-15
22	25	3 	10	2026-08-03
23	11	7 	4	2026-08-18
24	33	12 	6	2026-08-10
25	47	6 	2	2026-08-25
26	1	10 	7	2026-08-11
27	29	2 	5	2026-08-09
28	14	8 	9	2026-08-22
29	22	15 	3	2026-08-24
30	42	13 	8	2026-08-08
31	8	4 	4	2026-08-14
32	37	11 	10	2026-08-17
33	16	1 	6	2026-08-08
34	46	5 	2	2026-08-05
35	5	14 	7	2026-08-21
36	32	9 	5	2026-08-14
37	18	3 	1	2026-08-02
38	43	7 	9	2026-08-11
39	10	12 	3	2026-08-09
40	27	6 	8	2026-08-24
41	39	10 	4	2026-08-16
42	13	2 	6	2026-08-07
43	24	8 	10	2026-08-19
44	36	15 	2	2026-08-22
45	20	13 	7	2026-08-04
46	34	4 	5	2026-08-13
47	48	11 	9	2026-08-20
48	2	1 	3	2026-08-12
49	15	5 	1	2026-08-06
50	26	14 	10	2026-08-23
51	41	9	4	2026-08-15
52	3	3	6	2026-08-03
53	50	7	8	2026-08-18
54	12	12	2	2026-08-10
55	38	6	7	2026-08-25
56	7	10	5	2026-08-11
57	19	2	9	2026-08-09
58	45	8	3	2026-08-22
59	31	15	1	2026-08-24
60	11	13	10	2026-08-08
61	28	4	4	2026-08-14
62	44	11	6	2026-08-17
63	9	1	2	2026-08-08
64	21	5	7	2026-08-05
65	35	14	5	2026-08-21
66	40	9	1	2026-08-14
67	17	3	8	2026-08-02
68	6	7	4	2026-08-11
69	49	12	6	2026-08-09
70	25	6	10	2026-08-24
71	47	10	2	2026-08-16
72	33	2	7	2026-08-07
73	1	8	5	2026-08-19
74	29	15	9	2026-08-22
75	14	13	3	2026-08-04
76	22	4	1	2026-08-13
77	42	11	10	2026-08-20
78	8	1	4	2026-08-12
79	37	5	6	2026-08-06
80	16	14	8	2026-08-23
81	46	9	2	2026-08-15
82	5	3	7	2026-08-03
83	32	7	5	2026-08-18
84	18	12	9	2026-08-10
85	43	6	3	2026-08-25
86	10	10	1	2026-08-11
87	27	2	10	2026-08-09
88	39	8	4	2026-08-22
89	13	15	6	2026-08-24
90	24	13	8	2026-08-08
91	36	4	2	2026-08-14
92	20	11	7	2026-08-17
93	34	1	5	2026-08-08
94	48	5	9	2026-08-05
95	2	14	3	2026-08-21
96	15	9	1	2026-08-14
97	26	3	10	2026-08-02
98	41	7	4	2026-08-11
99	3	12	6	2026-08-09
100	50	6	8	2026-08-24
101	12	10	2	2026-08-16
102	38	2	7	2026-08-07
103	7	8	5	2026-08-19
104	19	15	9	2026-08-22
105	45	13	3	2026-08-04
106	31	4	1	2026-08-13
107	11	11	10	2026-08-20
108	28	1	4	2026-08-12
109	44	5	6	2026-08-06
110	9	14	8	2026-08-23
111	21	9	2	2026-08-15
112	35	3	7	2026-08-03
113	40	7	5	2026-08-18
114	17	12	9	2026-08-10
115	6	6	3	2026-08-25
116	49	10	1	2026-08-11
117	25	2	10	2026-08-09
118	47	8	4	2026-08-22
119	33	15	6	2026-08-24
120	1	13	8	2026-08-08
121	29	4	2	2026-08-14
122	14	11	7	2026-08-17
123	22	1	5	2026-08-08
124	42	5	9	2026-08-05
125	8	14	3	2026-08-21
126	37	9	1	2026-08-14
127	16	3	10	2026-08-02
128	46	7	4	2026-08-11
129	5	12	6	2026-08-09
130	32	6	8	2026-08-24
131	18	10	2	2026-08-16
132	43	2	7	2026-08-07
133	10	8	5	2026-08-19
134	27	15	9	2026-08-22
135	39	13	3	2026-08-04
136	13	4	1	2026-08-13
137	24	11	10	2026-08-20
138	36	1	4	2026-08-12
139	20	5	6	2026-08-06
140	34	14	8	2026-08-23
141	48	9	2	2026-08-15
142	2	3	7	2026-08-03
143	15	7	5	2026-08-18
144	26	12	9	2026-08-10
145	41	6	3	2026-08-25
146	3	10	1	2026-08-11
147	50	2	10	2026-08-09
148	12	8	4	2026-08-22
149	38	15	6	2026-08-24
150	7	13	8	2026-08-08
151	19	4	2	2026-08-14
152	45	11	7	2026-08-17
153	31	1	5	2026-08-08
154	11	5	9	2026-08-05
155	28	14	3	2026-08-21
156	44	9	1	2026-08-14
157	9	3	10	2026-08-02
158	21	7	4	2026-08-11
159	35	12	6	2026-08-09
160	40	6	8	2026-08-24
161	17	10	2	2026-08-16
162	6	2	7	2026-08-07
163	49	8	5	2026-08-19
164	25	15	9	2026-08-22
165	47	13	3	2026-08-04
166	33	4	1	2026-08-13
167	1	11	10	2026-08-20
168	29	1	4	2026-08-12
169	14	5	6	2026-08-06
170	22	14	8	2026-08-23
171	42	9	2	2026-08-15
172	8	3	7	2026-08-03
173	37	7	5	2026-08-18
174	16	12	9	2026-08-10
175	46	6	3	2026-08-25
176	5	10	1	2026-08-11
177	32	2	10	2026-08-09
178	18	8	4	2026-08-22
179	43	15	6	2026-08-24
180	10	13	8	2026-08-08
181	27	4	2	2026-08-14
182	39	11	7	2026-08-17
183	13	1	5	2026-08-08
184	24	5	9	2026-08-05
185	36	14	3	2026-08-21
186	20	9	1	2026-08-14
187	34	3	10	2026-08-02
188	48	7	4	2026-08-11
189	2	12	6	2026-08-09
190	15	6	8	2026-08-24
191	26	10	2	2026-08-16
192	41	2	7	2026-08-07
193	3	8	5	2026-08-19
194	50	15	9	2026-08-22
195	12	13	3	2026-08-04
196	38	4	1	2026-08-13
197	7	11	10	2026-08-20
198	19	1	4	2026-08-12
199	45	5	6	2026-08-06
200	31	14	8	2026-08-23
201	11	9	2	2026-08-15
202	28	3	7	2026-08-03
203	44	7	5	2026-08-18
204	9	12	9	2026-08-10
205	21	6	3	2026-08-25
206	35	10	1	2026-08-11
207	40	2	10	2026-08-09
208	17	8	4	2026-08-22
209	6	15	6	2026-08-24
210	49	13	8	2026-08-08
211	25	4	2	2026-08-14
212	47	11	7	2026-08-17
213	33	1	5	2026-08-08
214	1	5	9	2026-08-05
215	29	14	3	2026-08-21
216	14	9	1	2026-08-14
217	22	3	10	2026-08-02
218	42	7	4	2026-08-11
219	8	12	6	2026-08-09
220	37	6	8	2026-08-24
221	16	10	2	2026-08-16
222	46	2	7	2026-08-07
223	5	8	5	2026-08-19
224	32	15	9	2026-08-22
225	18	13	3	2026-08-04
226	43	4	1	2026-08-13
227	10	11	10	2026-08-20
228	27	1	4	2026-08-12
229	39	5	6	2026-08-06
230	13	14	8	2026-08-23
231	24	9	2	2026-08-15
232	36	3	7	2026-08-03
233	20	7	5	2026-08-18
234	34	12	9	2026-08-10
235	48	6	3	2026-08-25
236	2	10	1	2026-08-11
237	15	2	10	2026-08-09
238	26	8	4	2026-08-22
239	41	15	6	2026-08-24
240	3	13	8	2026-08-08
241	50	4	2	2026-08-14
242	12	11	7	2026-08-17
243	38	1	5	2026-08-08
244	7	5	9	2026-08-05
245	19	14	3	2026-08-21
246	45	9	1	2026-08-14
247	31	3	10	2026-08-02
248	11	7	4	2026-08-11
249	28	12	6	2026-08-09
250	44	6	8	2026-08-24
251	9	10	2	2026-08-16
252	21	2	7	2026-08-07
253	35	8	5	2026-08-19
254	40	15	9	2026-08-22
255	17	13	3	2026-08-04
256	6	4	1	2026-08-13
257	49	11	10	2026-08-20
258	25	1	4	2026-08-12
259	47	5	6	2026-08-06
260	33	14	8	2026-08-23
261	1	9	2	2026-08-15
262	29	3	7	2026-08-03
263	14	7	5	2026-08-18
264	22	12	9	2026-08-10
265	42	6	3	2026-08-25
266	8	10	1	2026-08-11
267	37	2	10	2026-08-09
268	16	8	4	2026-08-22
269	46	15	6	2026-08-24
270	5	13	8	2026-08-08
271	32	4	2	2026-08-14
272	18	11	7	2026-08-17
273	43	1	5	2026-08-08
274	10	5	9	2026-08-05
275	27	14	3	2026-08-21
276	39	9	1	2026-08-14
277	13	3	10	2026-08-02
278	24	7	4	2026-08-11
279	36	12	6	2026-08-09
280	20	6	8	2026-08-24
281	34	10	2	2026-08-16
282	48	2	7	2026-08-07
283	2	8	5	2026-08-19
284	15	15	9	2026-08-22
285	26	13	3	2026-08-04
286	41	4	1	2026-08-13
287	3	11	10	2026-08-20
288	50	1	4	2026-08-12
289	12	5	6	2026-08-06
290	38	14	8	2026-08-23
291	7	9	2	2026-08-15
292	19	3	7	2026-08-03
293	45	7	5	2026-08-18
294	31	12	9	2026-08-10
295	11	6	3	2026-08-25
296	28	10	1	2026-08-11
297	44	2	10	2026-08-09
298	9	8	4	2026-08-22
299	21	15	6	2026-08-24
300	35	13	8	2026-08-08
301	40	4	2	2026-08-14
302	17	11	7	2026-08-17
303	6	1	5	2026-08-08
304	49	5	9	2026-08-05
305	25	14	3	2026-08-21
306	47	9	1	2026-08-14
307	33	3	10	2026-08-02
308	1	7	4	2026-08-11
309	29	12	6	2026-08-09
310	14	6	8	2026-08-24
311	22	10	2	2026-08-16
312	42	2	7	2026-08-07
313	8	8	5	2026-08-19
314	37	15	9	2026-08-22
315	16	13	3	2026-08-04
316	46	4	1	2026-08-13
317	5	11	10	2026-08-20
318	32	1	4	2026-08-12
319	18	5	6	2026-08-06
320	43	14	8	2026-08-23
321	10	9	2	2026-08-15
322	27	3	7	2026-08-03
323	39	7	5	2026-08-18
324	13	12	9	2026-08-10
325	24	6	3	2026-08-25
326	36	10	1	2026-08-11
327	20	2	10	2026-08-09
328	34	8	4	2026-08-22
329	48	15	6	2026-08-24
330	2	13	8	2026-08-08
331	15	4	2	2026-08-14
332	26	11	7	2026-08-17
333	41	1	5	2026-08-08
334	3	5	9	2026-08-05
335	50	14	3	2026-08-21
336	12	9	1	2026-08-14
337	38	3	10	2026-08-02
338	7	7	4	2026-08-11
339	19	12	6	2026-08-09
340	45	6	8	2026-08-24
341	31	10	2	2026-08-16
342	11	2	7	2026-08-07
343	28	8	5	2026-08-19
344	44	15	9	2026-08-22
345	9	13	3	2026-08-04
346	21	4	1	2026-08-13
347	35	11	10	2026-08-20
348	40	1	4	2026-08-12
349	17	5	6	2026-08-06
350	6	14	8	2026-08-23
351	49	9	2	2026-08-15
352	25	3	7	2026-08-03
353	47	7	5	2026-08-18
354	33	12	9	2026-08-10
355	1	6	3	2026-08-25
356	29	10	1	2026-08-11
357	14	2	10	2026-08-09
358	22	8	4	2026-08-22
359	42	15	6	2026-08-24
360	8	13	8	2026-08-08
361	37	4	2	2026-08-14
362	16	11	7	2026-08-17
363	46	1	5	2026-08-08
364	5	5	9	2026-08-05
365	32	14	3	2026-08-21
366	18	9	1	2026-08-14
367	43	3	10	2026-08-02
368	10	7	4	2026-08-11
369	27	12	6	2026-08-09
370	39	6	8	2026-08-24
371	13	10	2	2026-08-16
372	24	2	7	2026-08-07
373	36	8	5	2026-08-19
374	20	15	9	2026-08-22
375	34	13	3	2026-08-04
376	48	4	1	2026-08-13
377	2	11	10	2026-08-20
378	15	1	4	2026-08-12
379	26	5	6	2026-08-06
380	41	14	8	2026-08-23
381	3	9	2	2026-08-15
382	50	3	7	2026-08-03
383	12	7	5	2026-08-18
384	38	12	9	2026-08-10
385	7	6	3	2026-08-25
386	19	10	1	2026-08-11
387	45	2	10	2026-08-09
388	31	8	4	2026-08-22
389	11	15	6	2026-08-24
390	28	13	8	2026-08-08
391	44	4	2	2026-08-14
392	9	11	7	2026-08-17
393	21	1	5	2026-08-08
394	35	5	9	2026-08-05
395	40	14	3	2026-08-21
396	17	9	1	2026-08-14
397	6	3	10	2026-08-02
398	49	7	4	2026-08-11
399	25	12	6	2026-08-09
400	47	6	8	2026-08-24
401	33	10	2	2026-08-16
402	1	2	7	2026-08-07
403	29	8	5	2026-08-19
404	14	15	9	2026-08-22
405	22	13	3	2026-08-04
406	42	4	1	2026-08-13
407	8	11	10	2026-08-20
408	37	1	4	2026-08-12
409	16	5	6	2026-08-06
410	46	14	8	2026-08-23
411	5	9	2	2026-08-15
412	32	3	7	2026-08-03
413	18	7	5	2026-08-18
414	43	12	9	2026-08-10
415	10	6	3	2026-08-25
416	27	10	1	2026-08-11
417	39	2	10	2026-08-09
418	13	8	4	2026-08-22
419	24	15	6	2026-08-24
420	36	13	8	2026-08-08
421	20	4	2	2026-08-14
422	34	11	7	2026-08-17
423	48	1	5	2026-08-08
424	2	5	9	2026-08-05
425	15	14	3	2026-08-21
426	26	9	1	2026-08-14
427	41	3	10	2026-08-02
428	3	7	4	2026-08-11
429	50	12	6	2026-08-09
430	12	6	8	2026-08-24
431	38	10	2	2026-08-16
432	7	2	7	2026-08-07
433	19	8	5	2026-08-19
434	45	15	9	2026-08-22
435	31	13	3	2026-08-04
436	11	4	1	2026-08-13
437	28	11	10	2026-08-20
438	44	1	4	2026-08-12
439	9	5	6	2026-08-06
440	21	14	8	2026-08-23
441	35	9	2	2026-08-15
442	40	3	7	2026-08-03
443	17	7	5	2026-08-18
444	6	12	9	2026-08-10
445	49	6	3	2026-08-25
446	25	10	1	2026-08-11
447	47	2	10	2026-08-09
448	33	8	4	2026-08-22
449	1	15	6	2026-08-24
450	29	13	8	2026-08-08
451	14	4	2	2026-08-14
452	22	11	7	2026-08-17
453	42	1	5	2026-08-08
454	8	5	9	2026-08-05
455	37	14	3	2026-08-21
456	16	9	1	2026-08-14
457	46	3	10	2026-08-02
458	5	7	4	2026-08-11
459	32	12	6	2026-08-09
460	18	6	8	2026-08-24
461	43	10	2	2026-08-16
462	10	2	7	2026-08-07
463	27	8	5	2026-08-19
464	39	15	9	2026-08-22
465	13	13	3	2026-08-04
466	24	4	1	2026-08-13
467	36	11	10	2026-08-20
468	20	1	4	2026-08-12
469	34	5	6	2026-08-06
470	48	14	8	2026-08-23
471	2	9	2	2026-08-15
472	15	3	7	2026-08-03
473	26	7	5	2026-08-18
474	41	12	9	2026-08-10
475	3	6	3	2026-08-25
476	50	10	1	2026-08-11
477	12	2	10	2026-08-09
478	38	8	4	2026-08-22
479	7	15	6	2026-08-24
480	19	13	8	2026-08-08
481	45	4	2	2026-08-14
482	31	11	7	2026-08-17
483	11	1	5	2026-08-08
484	28	5	9	2026-08-05
485	44	14	3	2026-08-21
486	9	9	1	2026-08-14
487	21	3	10	2026-08-02
488	35	7	4	2026-08-11
489	40	12	6	2026-08-09
490	17	6	8	2026-08-24
491	6	10	2	2026-08-16
492	49	2	7	2026-08-07
493	25	8	5	2026-08-19
494	47	15	9	2026-08-22
495	33	13	3	2026-08-04
496	1	4	1	2026-08-13
497	29	11	10	2026-08-20
498	14	1	4	2026-08-12
499	22	5	6	2026-08-06
500	42	14	8	2026-08-23
